99.92
265.75
71.58
237.4
43.23
209.06
14.88
180.71
346.54
152.37
318.19
124.02
289.85
95.67
261.5
67.33
233.15
38.98
204.8
10.63
176.46
342.29
148.11
313.94
119.77
285.59
91.42
257.25
63.07
228.9
34.73
200.55
6.38
172.21
338.04
143.86
309.69
115.52
281.34
87.17
252.99
58.82
224.65
30.47
196.3
2.13
167.96
333.78
139.61
305.44
111.26
277.09
82.92
248.74
54.57
220.4
26.22
192.05
357.88
163.7
329.53
135.36
301.19
107.01
272.84
78.66
244.49
50.32
216.14
21.97
187.8
353.62
159.45
325.28
131.11
296.93
102.76
268.59
74.41
240.24
46.07
211.89
17.72
183.55
349.37
155.2
321.03
126.85
292.68
98.51
264.33
70.16
235.99
41.81
207.64
13.47
179.29
345.12
150.95
316.78
122.6
288.43
94.26
260.08
65.91
231.74
37.56
203.39
9.22
175.04
340.87
146.7
312.52
118.35
284.18
90
255.83
61.66
227.48
33.31
199.14
4.96
170.79
336.62
142.44
308.27
114.1
279.93
85.75
251.58
57.4
223.23
29.06
194.88
0.71
166.54
332.37
138.19
304.02
109.85
275.67
81.5
247.33
53.15
218.98
24.81
190.63
356.46
162.29
328.11
133.94
299.77
105.59
271.42
77.25
243.07
48.9
214.73
20.55
186.38
352.21
158.03
323.86
129.69
295.52
101.34
267.17
73
238.82
44.65
210.47
16.3
182.13
347.96
153.78
319.61
125.44
291.26
97.09
262.92
68.74
234.57
40.4
206.22
12.05
177.88
343.7
149.53
315.36
121.19
287.01
92.84
258.66
64.49
230.32
36.14
201.97
7.8
173.62
339.45
145.28
311.11
116.93
282.76
88.59
254.41
60.24
226.07
31.89
197.72
3.55
169.37
335.2
141.03
306.85
112.68
278.51
84.33
250.16
55.99
221.81
27.64
193.47
359.29
165.12
330.95
136.78
302.6
108.43
274.26
80.08
245.91
51.73
217.56
23.39
189.22
355.04
160.87
326.7
132.52
298.35
104.18
270
75.83
241.66
47.48
213.31
19.14
184.96
350.79
156.62
322.44
128.27
294.1