 99.9200
 265.753
71.5771
237.406
43.2301
209.060
14.8800
180.714
346.538
152.368
318.193
124.022
289.850
95.6751
261.499
67.3275
233.152
38.9800
204.805
10.6400
176.460
342.290
148.114
313.944
119.770
285.600
91.4215
257.250
63.0743
228.903
34.7300
200.557
6.38000
172.212
338.036
143.870
309.690
115.520
281.340
87.1721
252.996
58.8247
224.649
30.4800
196.303
2.13280
167.957
333.788
139.612
305.440
111.270
277.094
82.9185
248.747
54.5713
220.401
26.2300
192.055
357.879
163.709
329.534
135.363
301.190
107.017
272.840
78.6689
244.493
50.3218
216.146
21.9800
187.800
353.630
159.455
325.285
131.110
296.940
102.760
268.590
74.4154
240.244
46.0683
211.898
17.7200
183.552
349.377
155.210
321.031
126.861
292.680
98.5100
264.337
70.1657
235.990
41.8200
207.643
13.4700
179.298
345.128
150.952
316.782
122.606
288.440
94.2596
260.088
65.9125
231.741
37.5700
203.395
9.22000
175.050
340.874
146.704
312.528
118.358
284.180
90.0104
255.834
61.6629
227.487
33.3200
199.141
4.97077
170.795
336.625
142.450
308.280
114.100
279.930
85.7567
251.585
57.4095
223.239
29.0600
194.893
0.717236
166.547
332.372
138.201
304.030
109.850
275.679
81.5070
247.331
53.1599
218.984
24.8100
190.638
356.468
162.293
328.123
133.950
299.780
105.600
271.429
77.2534
243.082
48.9063
214.736
20.5600
186.390
352.214
158.044
323.869
129.700
295.520
101.350
267.175
73.0037
238.828
44.6568
210.481
16.3100
182.135
347.966
153.790
319.620
125.444
291.270
97.0974
262.926
68.7502
234.579
40.4000
206.233
12.0600
177.887
343.712
149.542
315.366
121.200
287.020
92.8482
258.672
64.5006
230.325
36.1500
201.978
7.80829
173.630
339.463
145.287
311.120
116.940
282.770
88.5944
254.423
60.2472
226.076
31.9000
197.730
3.55478
169.385
335.209
141.039
306.860
112.690
278.516
84.3448
250.169
55.9975
221.822
27.6500
193.476
359.306
165.130
330.960
136.785
302.610
108.438
274.267
80.0911
245.920
51.7439
217.573
23.4000
189.227
355.052
160.882
326.706
132.536
298.360
104.190
270.013
75.8413
241.665
47.4943
213.319
19.1500
184.973
350.803
156.627
322.457
128.282
294.110
